%% This function provides diffusion coefficient values [mm^2/s] obtained from: 
%    http://dtrx.de/od/diff/
%
% Note: The index is equivalent to the temperature in °C.
%
% DBE@Stanford 2020.05.26

function D_H20=Diffusion_Coeff_H20

D_H20(01)=1.1750e-3;  % @  1C [mm^2/s]
D_H20(02)=1.2110e-3;  % @  2C [mm^2/s]
D_H20(03)=1.2479e-3;  % @  3C [mm^2/s]
D_H20(04)=1.2856e-3;  % @  4C [mm^2/s]
D_H20(05)=1.3241e-3;  % @  5C [mm^2/s]
D_H20(06)=1.3635e-3;  % @  6C [mm^2/s]
D_H20(07)=1.4038e-3;  % @  7C [mm^2/s]
D_H20(08)=1.4450e-3;  % @  8C [mm^2/s]
D_H20(09)=1.4870e-3;  % @  9C [mm^2/s]
D_H20(10)=1.5300e-3;  % @ 10C [mm^2/s]

D_H20(11)=1.5740e-3;  % @11C [mm^2/s]
D_H20(12)=1.6188e-3;  % @12C [mm^2/s]
D_H20(13)=1.6646e-3;  % @13C [mm^2/s]
D_H20(14)=1.7114e-3;  % @14C [mm^2/s]
D_H20(15)=1.7592e-3;  % @15C [mm^2/s]
D_H20(16)=1.8079e-3;  % @16C [mm^2/s]
D_H20(17)=1.8576e-3;  % @17C [mm^2/s]
D_H20(18)=1.9084e-3;  % @18C [mm^2/s]
D_H20(19)=1.9602e-3;  % @19C [mm^2/s]
D_H20(20)=2.0130e-3;  % @20C [mm^2/s]

D_H20(21)=2.0668e-3;  % @21C [mm^2/s]
D_H20(22)=2.1218e-3;  % @22C [mm^2/s]
D_H20(23)=2.1778e-3;  % @23C [mm^2/s]
D_H20(24)=2.2349e-3;  % @24C [mm^2/s]
D_H20(25)=2.2930e-3;  % @25C [mm^2/s]
D_H20(26)=2.3523e-3;  % @26C [mm^2/s]
D_H20(27)=2.4127e-3;  % @27C [mm^2/s]
D_H20(28)=2.4743e-3;  % @28C [mm^2/s]
D_H20(29)=2.5370e-3;  % @29C [mm^2/s]
D_H20(30)=2.6009e-3;  % @30C [mm^2/s]

D_H20(31)=2.6659e-3;  % @31C [mm^2/s] 
D_H20(32)=2.7321e-3;  % @32C [mm^2/s] 
D_H20(33)=2.7995e-3;  % @33C [mm^2/s] 
D_H20(34)=2.8681e-3;  % @34C [mm^2/s] 
D_H20(35)=2.9380e-3;  % @35C [mm^2/s] 
D_H20(36)=3.0090e-3;  % @36C [mm^2/s] 
D_H20(37)=3.0813e-3;  % @37C [mm^2/s] 
D_H20(38)=3.1549e-3;  % @38C [mm^2/s] 
D_H20(39)=3.2298e-3;  % @39C [mm^2/s] 
D_H20(40)=3.3059e-3;  % @40C [mm^2/s]

return